  
       XFOIL         Version 6.99
  
 Calculated polar for: NACA 8420                                       
  
 1 1 Reynolds number fixed          Mach number fixed         
  
 xtrf =   1.000 (top)        1.000 (bottom)  
 Mach =   0.000     Re =     0.010 e 6     Ncrit =   9.000
  
   alpha    CL        CD       CDp       CM     Top_Xtr  Bot_Xtr
  ------ -------- --------- --------- -------- -------- --------
  -5.000  -0.0617   0.15290   0.13956  -0.0250   1.0000   1.0000
  -4.500  -0.0664   0.15089   0.13764  -0.0238   1.0000   1.0000
  -4.000  -0.0710   0.14881   0.13565  -0.0227   1.0000   1.0000
  -3.500  -0.1156   0.14746   0.13456  -0.0120   1.0000   0.9763
  -3.000  -0.1758   0.14570   0.13311   0.0013   1.0000   0.9335
  -2.500  -0.2318   0.14341   0.13107   0.0123   1.0000   0.8911
  -2.000  -0.2811   0.14031   0.12817   0.0210   1.0000   0.8531
  -1.500  -0.3412   0.13677   0.12485   0.0309   1.0000   0.8178
  -1.000  -0.3865   0.13206   0.12033   0.0377   1.0000   0.7893
  -0.500  -0.4332   0.12673   0.11516   0.0441   1.0000   0.7643
   0.000  -0.4592   0.12105   0.10953   0.0456   1.0000   0.7456
   0.500  -0.4532   0.11571   0.10409   0.0418   1.0000   0.7367
   1.000  -0.4275   0.11119   0.09934   0.0347   1.0000   0.7370
   1.500  -0.3839   0.10786   0.09569   0.0249   1.0000   0.7484
   2.000  -0.3318   0.10558   0.09313   0.0158   1.0000   0.7740
   2.500  -0.2773   0.10411   0.09145   0.0079   1.0000   0.8174
   3.000  -0.2125   0.10310   0.09053  -0.0014   1.0000   0.9010
   3.500  -0.1458   0.09949   0.08679  -0.0176   1.0000   1.0000
   4.000  -0.0137   0.10590   0.09138  -0.0522   1.0000   1.0000
   4.500   0.0862   0.11291   0.09586  -0.0733   1.0000   1.0000
   5.000   0.1368   0.11762   0.09882  -0.0790   1.0000   1.0000
   5.500   0.1752   0.12183   0.10185  -0.0814   1.0000   1.0000
   6.000   0.2099   0.12597   0.10507  -0.0831   1.0000   1.0000
   6.500   0.2427   0.13013   0.10850  -0.0846   1.0000   1.0000
   7.000   0.2744   0.13434   0.11209  -0.0860   1.0000   1.0000
   7.500   0.3053   0.13860   0.11584  -0.0873   1.0000   1.0000
   8.000   0.3354   0.14292   0.11972  -0.0887   1.0000   1.0000
   8.500   0.3650   0.14730   0.12373  -0.0901   1.0000   1.0000
   9.000   0.3940   0.15175   0.12786  -0.0916   1.0000   1.0000
   9.500   0.4226   0.15626   0.13211  -0.0931   1.0000   1.0000
  10.000   0.4506   0.16083   0.13647  -0.0947   1.0000   1.0000
  10.500   0.4782   0.16548   0.14094  -0.0964   1.0000   1.0000
  11.000   0.5054   0.17018   0.14552  -0.0981   1.0000   1.0000
  11.500   0.5321   0.17496   0.15020  -0.0999   1.0000   1.0000
  12.000   0.5585   0.17980   0.15498  -0.1019   1.0000   1.0000
  12.500   0.5844   0.18472   0.15987  -0.1039   1.0000   1.0000
  13.000   0.6099   0.18971   0.16487  -0.1060   1.0000   1.0000
  13.500   0.6350   0.19478   0.16997  -0.1082   1.0000   1.0000
  14.000   0.6597   0.19993   0.17517  -0.1105   1.0000   1.0000
  15.000   0.7205   0.21287   0.18836  -0.1185   0.9843   1.0000
