  
       XFOIL         Version 6.99
  
 Calculated polar for: NACA 3713                                       
  
 1 1 Reynolds number fixed          Mach number fixed         
  
 xtrf =   1.000 (top)        1.000 (bottom)  
 Mach =   0.000     Re =     0.035 e 6     Ncrit =   9.000
  
   alpha    CL        CD       CDp       CM     Top_Xtr  Bot_Xtr
  ------ -------- --------- --------- -------- -------- --------
  -5.000  -0.4887   0.04680   0.03707  -0.0424   1.0000   0.3093
  -4.500  -0.4388   0.04163   0.03139  -0.0453   1.0000   0.3505
  -4.000  -0.3919   0.03890   0.02851  -0.0444   1.0000   0.4022
  -3.500  -0.3516   0.03742   0.02713  -0.0403   1.0000   0.4591
  -3.000  -0.3110   0.03612   0.02582  -0.0366   1.0000   0.5266
  -2.500  -0.2799   0.03553   0.02533  -0.0297   1.0000   0.5913
  -2.000  -0.2486   0.03475   0.02456  -0.0235   1.0000   0.6625
  -1.500  -0.2184   0.03363   0.02339  -0.0176   1.0000   0.7409
  -1.000  -0.1954   0.03202   0.02179  -0.0104   1.0000   0.8251
  -0.500  -0.1562   0.03015   0.01997  -0.0067   1.0000   0.9422
   0.000  -0.0807   0.02932   0.01884  -0.0196   1.0000   1.0000
   0.500  -0.0113   0.03013   0.01920  -0.0296   1.0000   1.0000
   1.000   0.0484   0.03162   0.02032  -0.0359   1.0000   1.0000
   1.500   0.0988   0.03346   0.02190  -0.0397   1.0000   1.0000
   2.000   0.1429   0.03563   0.02390  -0.0425   1.0000   1.0000
   2.500   0.1823   0.03813   0.02631  -0.0447   1.0000   1.0000
   3.000   0.2181   0.04098   0.02913  -0.0467   1.0000   1.0000
   3.500   0.2508   0.04418   0.03234  -0.0486   1.0000   1.0000
   4.000   0.3736   0.04958   0.03789  -0.0658   0.9365   1.0000
   4.500   0.4726   0.05311   0.04161  -0.0764   0.8818   1.0000
   5.000   0.5421   0.05554   0.04426  -0.0811   0.8290   1.0000
   5.500   0.6207   0.05731   0.04632  -0.0854   0.7755   1.0000
   6.000   0.7086   0.05771   0.04709  -0.0884   0.7207   1.0000
   6.500   0.7811   0.05765   0.04743  -0.0878   0.6623   1.0000
   7.000   0.9844   0.04495   0.03550  -0.0892   0.5839   1.0000
   7.500   1.0954   0.04122   0.03163  -0.0870   0.4787   1.0000
   8.000   1.1455   0.04296   0.03300  -0.0821   0.3927   1.0000
   8.500   1.1873   0.04624   0.03595  -0.0779   0.3274   1.0000
   9.000   1.2101   0.05112   0.04105  -0.0728   0.2852   1.0000
   9.500   1.2269   0.05696   0.04719  -0.0677   0.2564   1.0000
  10.000   1.2236   0.06403   0.05473  -0.0616   0.2389   1.0000
  10.500   1.2118   0.07196   0.06302  -0.0559   0.2273   1.0000
  11.000   1.1396   0.08317   0.07465  -0.0490   0.2285   1.0000
  12.000   0.8447   0.14796   0.13918  -0.0845   0.3259   1.0000
  12.500   0.7949   0.16629   0.15748  -0.1001   0.4454   1.0000
  13.000   0.8004   0.17250   0.16373  -0.1013   0.4233   1.0000
  13.500   0.8173   0.17997   0.17125  -0.1027   0.4013   1.0000
  14.000   0.8394   0.18848   0.17982  -0.1043   0.3814   1.0000
  14.500   0.8647   0.19834   0.18973  -0.1059   0.3622   1.0000
  15.000   0.8759   0.20483   0.19624  -0.1080   0.3451   1.0000
